$ANSIBLE_VAULT;1.1;AES256
39336634626136356632343539333731373536613932316364396163336465656533663032393862
3536653030663762396463626639396565646562666633610a633130653462373831613533663933
31623265633633323736383333346263383466626164343835623932346131333463333064396364
3931616432646263340a636533316639363464323337643162353639663132346630323639323564
30343336333436363936353433343235343030623161353837613338353562373639303637636432
34323931303664326336633535346139616637393433393363313231653932666565366639333962
64366335366637663933323337313435366436363138376566343164306133633963366464393534
31363030376161653032306432356139343136393237653162636437613732383431383038396534
66343430313330343266366632333163613236353232356639376639373831306638616130383433
62386134363237633639613133623237643363646439616364376561396632363732333235323532
34656664346663323036663364353430623539373739386533366235346335393137333561376531
61393862396533383036663466373162393732326464633666616563663637363461393432623330
64666462326436303038363338663033623664666363323263336661393666353830653564363962
63386434643231376635313839303665383163623738376439626433333964346632643738383064
62346461656536623665383633386630616461356235313062303832373766313233346263663764
64323262373635613333323437353765373261303231353438316261663135383439386334643438
62396235356166346362623138626233343132326630663832353231373234626434653434396632
30326562623065373966353663323861623534353837313761343761323261303339336562383632
66663164666165353333366632333439363932613436643965316538343365636561393337393734
64336461643332363166343131656635643066666634383164643063386236343632343433383230
33326562333931386137386538313631333130636132616466653931633866623331643332346136
64336434303730313337373932653030333766386636356430333139613261303231656232653238
64323965353261353234363961613035336362316234616264613832646133383038363363343363
30396539376139366234633138373364323232343166366531303135663836383664643761303561
62336139366638643730613035333731306361373035613232306330383061383831616235623865
66303436343030303637343735363437623135306539633932653561313365643439316137396566
61316536303530646666316436636135393065323065646637613765666261393630343461313737
34313139363163616466656436333839643237343333343233303066666436623131356264623766
63346138373435303363613238643963303738393733636636326532653662333031613064313535
33646135623531663239643432613037646132636136323834363539646364336530346432363837
65376130663862646430356163343339386162383462306165386362633131666435636665323761
37373161383133386266373536323431316336346661393062323931336439613939353039383539
33343739653866383263306432653431653262386638663231353338313165333336653835666332
63666534306531643233323965366239383762663738303565353531656165636363306330613635
39376266356163643163333536653737353438333931303266373164373333383332353839613566
61656530633565653462343265396165363864386535646465373861633836386632363165653165
66316635306432343830303437366435663836633066346532323030306539643164633731363530
66623565323535356532656133343838626162383132343434323430393339663061366563613339
38343865623261356332313638356336346331343039346336373664333666666130363138656339
39623636373461346338383331373862373434343630376162333064326337363335363361633039
31633461613364306461663066326236656332373861653665353965393833373264383763616234
35336638626331393833383564303764303666343239393932363230363432333235373063366338
37373437346265363437373230366339393639613530626333343435333035323963316465663132
38363066636338623239383830356235373438313533636661393835323134616539666131643632
62373236626365633565643563366166646436613235323031666436663566336463393437623534
39623565373363313435346337363035626436356434303938356565356266383130633039313762
62373561386139343438303463343066376463616139343264326539613931633634373761353465
65383638306639353536663037373134343865353735616330663065633731323763656230356263
30303965336330623662383037313662303065396266623137636434643463396335626630636535
62636534346364393963383666356465643132333461386536333165333837646162656563306539
36393739373563353161636431666631663037656463373131633430353063386131363436363539
36343662383237326239376339623861343034316164663637663835363939393235633966383932
37663565613039323864343065323762373263613963326366383763386664353438363230623865
30633839633239383461386331633363383036353439383637323262343036643664333037636435
66333062613638363863313734663435393439303232653561633133336234363935336363623637
63666132313032343566373663616534393837653736643063336261633865396437303034303739
62333963333835636539346237356663343834383264343834653137616266323535386165633734
63646266346661663533653931643765353430383238663839663565313464623966333563336330
34346330303064643761636237666366383837666230303865363565363165363132363831363361
32666164646533633932663464373066333135353863663534363561313662303062323461396539
65323137313635616462326563353164343835626563316634303466366535353630666239626639
62636632623036363737326632663130653337623335333562346162373064326266663264373335
65356433303435336464623662656436343530343838313465323432633466356232346130616438
37393065636630396166633332613538383266386439646362303664343461633238356333336432
33376163656365363763373266356562626334626638653634326562326563643431353565393464
61356537346137396331623662303039633566653965666337343131303265393264383930346639
66343637623332663038363739656632366232306562613538333963653765613763666664386132
64666363393230343264623664366539383739343732333038623264626236623263656232623637
61313363643863386439353039366264663336363339313830393834333539643630386435653365
34386134643539383030393365626561613738373763373839663633353133383631353739393430
39393337353063616364653637666438613938343134663436376131663936356236323863653161
66663438663365613938303738393936633361343366333361363738326333383663623238353031
36383235303861313666303663366432373965616534303033316165636138326532376261376562
31663930346334326133393030323737376564376235643961656166323732336464303866383738
35646331633137323732373538313861376263326238643166356633636662643261303066356561
34643133656235333161303663343432626365376165313339356264613936653830343438663336
36303532626664303562306134633837373535303531343639343762646662336266363438623430
33383333313763373538333966313961303264383031356535346135663964613266303565323763
35646666333664333739623766613339633634303431316234616264323733303565373665633030
36363838646661383534656565623638666564343935326236653062643733623537373335663138
32643363376632356636336264633166623335376266646465303165313837616434343235323539
64323865633039383436353063623561363231333961633337316234386137333039653936623834
64376431663565323933383930373531323866663433623837313735316265323161373363613130
64616532336262643939626263363735373164613062633164303938636333373032336662323364
35653233383039373964633533643539303661613461316564636232343838353737343866663064
62373430316430666133663739666634633264376237646261383664376435633962613639633361
30353536323963623163396232383937313534613361353962623536323230383237303362323137
65633833383237653633396361356365393439623363646466626133346130313664363338326561
39633832613763653835636266386661613061663439313563336636643461656433646130333063
39646562646233326235663066393035353436633033653838346232613431613866663531393464
63336530313735653134643130383438393063336235346262366466393537653134346230656537
38303263396539323066323232653233646437373433373664396361623163336665393332616430
30636231656335643631313365346262393935613731383866316164326465373261653361626539
63633137623366366633396162343036366637646530336436393537346532326639363634336261
65336138336666343331316239353862653930663761633836323666353334356235373238306165
34343861636239303565363637343066323565356266623839323032383132326531633130356561
36346661656662626532663261623966396437373664373934643562623733373366346136396539
66356266643332353235636465363938376232616437306236646434333339666230616337396361
65616634346437323433653839313534666134643338663533333139396166333138373865353939
31376336636538643336363865303937386639303333623138396561653366643230386538663437
35636134626236646236623731343538383939353530373165323137363663373239303239306666
33626631366134646363626562343432626531353232656230613861366232626632383235383830
62326531383766376235333631656163386161396439366630373432613331363738653932636163
33346434356665643733636535363737646638353264326264353430356137633964346637366339
65383230393237323737303263323363396363336166366430313864613166633764383166613230
36376461353064393139323264623964646637626161326338656539373237653461323262393836
32393865333662373034303731393163396234626231616239303737303365613965333339373938
39306138366639616164626434623539396137616666666665343961623564633133306130333833
66343437323562363264663662623437393961646238366333313264303838393938363035663961
33616366643561346232326331343735306439333364616139306634376663666335646635636431
38643562613834346364303363666337343262396163356166613332653162663862393936336632
64356434393134663363353130356362326362346261303132346432303763353638346636346261
37646439393566313933313636626232393464383639363461316261393665313536633839356531
35353639616661323934653762623635373862366632633764613933303866646365383765653066
32393862333835326161313465646337663464653039613963343731376163356264346135623362
61393932623462656131333437633462373630343061653961613765643864306539343639313061
62666636633637633562313034346131393635393131353832326361653033336333346164336663
32613061346630393066363535376639326364653965346337646138666236613734333461353533
66623535323861663664613938343634643161363063373963383966316263636263396464616131
31396438646461663130346535363832643535313238346337363430383433613639633334343335
63353538373835303262303638333863353139666133356331613961656565646232633064613639
65633063363734633066393634336261313038326365393239383739303065636565646231663236
66386238343136326165366261363236366438323838663138303832313666663735663335646663
33643237383737613462346163663166623437303465363063616166613966306166306637636465
62373138656431613765323636663664356634636165343864666332636162376430376331343562
63623264376665346237326238353437313434646339343635346636333034356639626236336662
63663832373831623831316462663565626531663262653338643938316162383530663133376261
39663830363131633839373735323165376565306665386561386538386266366236366561396539
39613863633863353265363537336365623034316338323362363139653563363634303966326233
33323361386464626137396430376133343838643063313665333031353462376536386535316639
31316632306134323464613564643664636236366631343436336337376338633535313231326662
39376135356637393737306534366238613339376233663238396664356335653963313265336164
35623736633166326139313361313161613239656466666661613835303565313463383962356663
63323436306539633262386164623434623433656631376134626162323336343134313634633239
336239626661653934363530646234623335
